200000  # number of points
25  # limit
600 0  # eta1 eta2
600 0  # eta3 eta4
# retci tablice funkcija, format: a b c d e f probability_i
0.3333333333 0 0 0.3333333333 0 0 0.125
0.3333333333 0 0 0.3333333333 0.3333333333 0 0.125
0.3333333333 0 0 0.3333333333 0.666666666667 0 0.125
0.3333333333 0 0 0.3333333333 0 0.3333333333 0.125
0.3333333333 0 0 0.3333333333 0.666666666667 0.3333333333 0.125
0.3333333333 0 0 0.3333333333 0 0.666666666667 0.125
0.3333333333 0 0 0.3333333333 0.3333333333 0.666666666667 0.125
0.3333333333 0 0 0.3333333333 0.666666666667 0.666666666667 0.125
